Input grid... Legend: cell value(minimum cost)
3(3) 3(4) 5(9) 4(11) 2(11) 2(13) 
1(1) 3(4) 5(9) 6(13) 2(13) 2(13) 
4(4) 3(4) 3(7) 5(12) 4(13) 4(17) 
5(5) 6(10) 4(8) 4(9) 6(15) 4(17) 
6(6) 5(8) 1(5) 6(11) 4(13) 6(19) 
3(3) 1(4) 3(7) 4(9) 4(13) 1(12) 

Minimum cost path... Legend: coordinates[cell value]
Start -> 5-0[3] -> 5-1[1] -> 4-2[1] -> 5-3[4] -> 0-4[2] -> 5-5[1]
Input grid... Legend: cell value(minimum cost)
5(5) 5(10) 5(11) 3(11) 7(18) 5(18) 8(23) 7(25) 
6(6) 2(7) 7(14) 2(13) 2(13) 4(17) 1(18) 8(26) 
6(6) 5(11) 6(13) 7(16) 6(19) 7(20) 4(21) 6(24) 
7(7) 7(13) 5(9) 4(13) 6(16) 7(17) 8(25) 3(23) 
7(7) 3(4) 7(11) 5(10) 1(10) 7(17) 8(20) 5(19) 
1(1) 6(7) 1(5) 4(9) 5(11) 2(12) 2(14) 3(17) 
4(4) 5(6) 7(13) 1(6) 8(14) 8(19) 4(16) 4(18) 
5(5) 2(6) 2(8) 3(11) 7(13) 2(15) 8(23) 6(22) 

Minimum cost path... Legend: coordinates[cell value]
Start -> 5-0[1] -> 4-1[3] -> 5-2[1] -> 5-3[4] -> 4-4[1] -> 5-5[2] -> 5-6[2] -> 5-7[3]
